def checkio(stations_map):
    return [0, 0]

if __name__ == '__main__':
    assert checkio([
        [1, 0, 0, 0, 1],
        [0, 0, 1, 0, 0],
        [1, 0, 0, 0, 1]
    ]) == [4, 4], 'First'
    assert checkio([
        [1, 0, 1, 1, 1],
        [1, 0, 1, 0, 1],
        [1, 1, 1, 0, 1]
    ]) == [0, 0], 'Second'
    assert checkio([
        [1, 0, 0, 0, 1],
        [0, 0, 0, 0, 0],
        [0, 0, 1, 0, 1]
    ]) == [3, 5], 'Third'
    assert checkio([
        [1, 0, 1, 0, 0],
        [0, 0, 0, 0, 0],
        [0, 0, 0, 0, 1]
    ]) == [1, 1], 'Fourth'
    assert checkio([
        [1, 0, 0, 0, 1],
        [0, 0, 0, 0, 0],
        [0, 0, 1, 0, 0]
    ]) == [1, 3], 'Fifth'
    assert checkio([
        [1, 0, 0, 0, 1],
        [0, 0, 0, 0, 0],
        [0, 0, 1, 0, 0],
        [0, 0, 0, 0, 0],
        [1, 0, 0, 0, 1]
    ]) == [3, 9], 'Sixth'
    assert checkio([
        [1, 0, 0, 0, 1],
        [0, 0, 1, 0, 0],
        [0, 1, 0, 1, 0],
        [0, 0, 1, 0, 0],
        [1, 0, 0, 0, 1]
    ]) == [4, 4], 'Seventh'